13,7
13,6
13,4
13,3
13,1
12,7
12,6
12,4
12,3
12,1
11,6
11,5
11,3
11,2
11,0
10,4
10,3
10,2
10,1
10,0
9,9
9,8
9,7
9,6
9,5
9,4
9,3
9,2
9,1
9,0
8,7
8,6
8,5
8,4
8,3
8,2
8,1
8,0
7,9
7,8
7,7
7,6
7,5
7,4
7,3
7,2
7,1
7,0
6,5
6,4
6,3
6,2
6,1
6,0
5,6
5,5
5,4
5,3
5,2
5,1
5,0
4,3
2,143
2,142
2,141
2,140
2,139
2,138
2,137
2,136
2,135
2,134
2,133
2,132
2,131
2,130
2,129
2,128
2,127
2,126
2,125
2,124
2,123
2,122
2,121
2,120
2,119
2,118
2,117
2,116
2,115
2,114
2,113
2,112
2,111
2,110
2,109
2,108
2,107
2,106
2,105
2,104
2,103
2,102
2,101
2,100
2,99
2,98
2,97
2,96
2,95
2,94
2,93
2,92
2,91
2,90
2,89
2,88
2,87
2,86
2,85
2,84
2,83
2,82
2,81
2,80
2,79
2,78
2,77
2,76
2,75
2,74
2,73
2,72
2,71
2,70
2,69
2,68
2,67
2,66
2,65
2,64
2,35
2,34
2,33
2,32
2,31
2,30
2,29
2,28
2,27
2,26
2,25
2,24
2,23
2,22
2,21
2,20
2,19
2,18
2,17
2,16
2,15
2,14
2,13
2,12
2,11
2,10
2,9
2,8
2,7
2,6
2,5
2,4
2,3
2,2
2,0
1,7
1,6
1,5
1,4
1,3
1,2
1,0
0,425
0,424
0,423
0,419
0,417
0,416
0,415
0,413
0,410
0,409
0,407
0,405
0,402
0,401
0,400
0,399
0,397
0,392
0,390
0,389
0,388
0,386
0,318
0,317
0,315
0,313
0,312
0,308
0,307
0,301
0,243
0,1
13,9
13,10
14,0
14,1
14,4
15,0
15,3
15,8
16,0
16,4
16,5
16,12
17,1
17,3
18,2
18,4
18,9
19,1
19,6
20,1
20,4
21,3
21,6
22,3
22,8
22,9
23,0
23,1
23,6
24,2
25,1
25,6
26,2
26,7
27,1
27,6
27,10
27,14
27,18
28,1
28,7
29,1
29,6
30,1
30,5
30,9
31,1
31,6
31,9
31,11
31,16
31,19
32,1
32,5
33,3
34,1
34,5
35,3
35,5
36,4
37,4
38,0
38,4
38,7
38,12
38,17
39,1
39,6
39,9
40,2
40,3
40,10
40,15
41,0
41,6
41,8
41,13
42,2
42,5
43,1
43,5
43,9
43,13
43,17
43,19
43,22
44,1
44,4
45,1
45,5
46,1
46,5
46,7
47,0
47,6
48,1
48,5
48,9
48,13
49,0
49,4
49,9
49,12
49,15
49,17
50,2
50,5
51,0
51,3
51,5
52,0
52,1
52,5
53,1
53,2
53,4
54,0
54,3
55,0
55,1
56,0
56,1
56,4
56,6
57,1
58,0
58,2
58,5
58,7
58,10
58,13
58,15
59,1
59,2
59,5
60,0
60,3
60,6
60,8
61,0
61,2
61,5
61,8
61,10
62,1
62,2
63,0
63,3
63,4
64,1
64,2
64,5
64,7
64,10
65,2
65,3
65,5
65,7
65,10
65,13
65,15
66,0
66,2
66,5
67,0
67,4
68,1
68,2
68,5
69,0
69,3
69,5
69,6
70,3
70,4
70,7
71,0
71,3
71,5
71,6
72,2
72,3
72,5
73,1
73,3
74,1
74,3
75,0
75,3
75,4
76,2
76,3
76,6
76,8
76,11
77,2
77,4
78,0
78,2
78,5
79,2
79,4
79,7
79,8
80,0
80,1
80,4
81,1
81,3
81,6
81,8
81,11
82,2
82,4
83,1
83,2
83,6
83,7
83,10
84,0
84,1
84,4
85,1
85,4
86,1
86,3
86,6
86,8
86,11
86,12
87,2
88,0
88,1
88,4
88,6
88,9
89,0
89,2
89,5
89,7
89,10
90,2
90,4
90,7
90,8
91,0
91,1
91,4
92,1
92,3
92,6
92,8
93,2
93,5
93,7
94,0
94,1
94,5
94,6
95,1
95,5
95,6
96,1
96,3
97,0
97,3
97,5
97,8
97,10
98,1
98,2
98,6
99,2
99,3
100,0
100,2
100,5
100,8
100,10
101,2
101,4
102,1
102,4
102,6
102,9
102,10
103,3
103,4
104,1
104,4
104,6
104,9
104,11
105,2
105,5
106,1
106,4
106,6
106,9
106,10
107,2
108,0
108,1
108,4
108,6
108,9
109,1
109,3
109,6
109,8
109,11
109,12
110,2
110,5
111,0
111,3
112,0
112,3
112,6
112,8
113,0
113,2
113,5
113,8
113,10
113,13
113,14
114,1
114,2
114,5
115,2
115,3
116,0
116,2
116,5
116,8
116,10
117,2
117,4
117,7
118,0
118,3
118,7
118,8
119,2
119,3
119,6
119,9
119,10
119,12
119,14
120,2
120,3
120,6
120,10
120,11
121,1
121,3
121,6
122,0
122,2
122,5
122,7
122,10
122,11
122,15
123,1
123,2
123,5
124,0
124,3
124,6
124,8
124,11
124,13
124,16
125,2
125,4
126,0
126,1
126,5
126,6
127,2
127,6
128,0
128,3
128,4
128,6
129,3
129,4
129,7
130,0
130,3
130,5
130,7
130,9
131,1
131,4
131,6
132,2
132,5
132,7
133,0
133,1
133,5
133,6
133,8
133,11
133,13
133,16
133,17
134,0
134,3
134,4
134,7
135,1
135,4
136,1
136,3
136,6
137,0
137,3
137,4
138,0
138,3
138,4
139,2
139,3
139,5
139,8
140,0
140,4
140,5
140,8
140,10
141,1
141,4
141,6
141,9
141,11
142,0
142,3
142,5
143,1
143,2
143,6
143,7
143,10
144,2
144,4
145,1
145,3
145,6
145,9
145,11
146,0
146,1
146,5
147,0
147,3
147,7
147,8
147,11
147,13
148,2
148,5
148,7
148,10
148,12
149,0
149,3
149,5
149,8
149,9
149,12
149,14
150,2
150,5
150,7
150,10
150,12
151,1
151,4
151,6
151,9
151,10
151,14
151,15
152,2
152,5
152,7
152,10
152,12
152,15
153,2
153,4
153,7
153,8
153,12
153,13
154,0
154,4
154,5
154,8
154,10
154,13
155,2
155,4
155,7
155,9
155,12
155,15
156,1
156,4
156,5
156,8
156,10
156,13
157,1
157,3
157,6
157,8
157,11
158,0
158,2
158,5
158,6
158,10
158,11
158,14
159,0
159,1
159,4
159,6
159,9
159,12
160,0
160,3
160,5
160,8
160,9
160,12
161,1
161,2
161,5
162,1
162,4
163,1
163,3
164,0
164,2
164,5
164,6
164,10
164,13
164,14
164,18
164,19
164,22
165,2
165,4
166,1
166,3
166,6
166,9
167,0
167,3
167,4
167,8
167,9
168,1
169,1
169,2
170,1
170,3
171,2
172,1
172,3
173,2
174,0
174,3
175,0
175,3
176,3
177,0
177,3
178,1
179,0
179,3
180,1
181,0
181,2
182,1
182,2
183,2
184,1
184,2
185,2
185,3
186,2
187,1
187,3
188,2
189,0
189,3
190,2
191,0
191,3
191,4
192,2
192,3
192,6
193,2
193,3
194,0
194,2
194,5
194,8
195,1
196,0
196,2
197,1
197,2
198,2
199,1
199,2
200,1
200,3
201,2
202,1
202,3
203,2
204,0
204,3
205,0
206,0
206,3
207,0
208,0
208,1
209,0
209,3
210,1
211,0
211,2
212,1
213,0
213,2
214,1
214,3
215,2
215,3
216,2
217,2
217,3
218,2
218,3
218,6
218,9
218,10
218,13
218,15
219,2
219,4
219,7
220,0
220,2
220,5
220,6
221,3
221,6
221,7
222,2
222,3
223,0
223,2
223,5
223,8
223,10
224,2
224,4
224,7
224,10
224,12
225,0
225,1
225,4
225,5
225,8
226,2
226,3
227,0
227,1
227,4
227,7
228,1
228,4
228,5
228,7
228,11
228,12
228,15
228,16
228,18
228,20
228,23
229,0
229,2
229,5
230,0
230,3
230,6
230,8
230,11
231,0
231,3
231,4
231,7
231,10
231,12
231,15
231,16
231,19
232,1
232,2
232,5
233,0
233,3
233,5
234,1
234,4
234,6
235,2
235,3
235,7
236,2
236,3
236,7
237,0
237,3
237,6
237,8
237,11
237,13
237,16
237,17
237,19
237,22
237,24
238,0
238,2
238,5
239,1
239,3
240,1
240,2
240,5
240,7
240,10
241,0
241,2
241,5
242,0
242,3
242,6
243,0
243,3
243,4
244,1
244,2
244,5
244,9
245,0
245,3
245,5
246,1
246,4
246,6
246,9
247,0
247,3
247,4
248,0
248,4
248,5
248,8
248,10
249,0
249,3
249,5
250,2
250,4
251,1
251,4
251,6
251,9
251,10
252,2
252,3
252,6
253,2
253,4
253,7
254,0
254,3
254,6
254,8
255,0
255,1
255,5
255,6
256,2
257,0
257,1
257,4
257,6
258,1
258,4
258,6
258,9
259,0
259,3
259,4
260,2
260,5
260,6
261,2
261,4
262,0
262,3
262,5
263,1
263,3
263,6
264,2
264,4
265,0
265,1
265,5
265,6
265,9
265,12
265,14
265,17
266,1
266,4
266,7
267,1
267,4
267,5
268,2
268,3
268,6
269,2
269,3
269,6
269,8
269,11
269,14
269,16
269,19
269,21
269,24
269,25
270,3
270,6
271,0
271,3
271,5
272,0
272,3
272,5
273,1
273,3
273,5
273,6
273,9
273,12
273,14
273,17
273,19
273,22
273,25
274,0
274,3
274,4
275,0
275,4
275,5
276,0
276,2
276,4
276,5
277,0
277,3
277,4
278,0
278,1
278,4
278,6
278,8
278,11
278,12
278,15
278,17
278,19
278,22
278,23
278,27
278,28
279,2
279,5
280,0
280,3
280,5
280,8
281,0
281,3
281,6
281,7
281,9
281,11
281,14
281,17
281,19
282,0
282,1
282,5
283,2
283,3
284,0
284,2
284,5
285,1
285,4
285,7
285,9
285,12
285,13
285,17
286,1
286,2
286,4
286,5
286,7
286,8
286,10
286,12
287,1
287,3
287,4
287,6
287,8
287,10
288,1
288,3
288,6
289,0
289,3
289,6
289,7
290,3
290,4
290,6
290,8
291,0
291,3
291,5
291,8
292,0
292,2
292,5
292,6
292,10
292,11
292,14
292,18
292,19
292,22
292,24
293,1
293,4
293,6
294,1
294,3
294,6
294,7
294,10
294,14
294,15
294,18
294,20
295,0
295,3
295,5
296,2
296,4
296,7
296,8
296,12
296,15
296,16
296,19
297,1
297,4
298,1
298,3
299,0
299,2
299,5
300,0
300,3
301,0
301,1
301,5
301,6
302,2
302,6
302,7
302,10
302,12
303,1
303,4
303,6
304,2
304,3
304,5
304,7
304,10
304,13
305,1
305,4
305,5
306,1
306,4
306,5
307,3
307,4
307,7
307,9
307,12
308,1
308,3
308,6
308,8
309,2
309,5
309,6
310,2
310,3
310,6
310,8
311,1
311,4
312,0
312,3
312,4
313,0
313,3
313,4
314,1
314,2
314,4
315,0
315,1
315,5
315,6
315,8
315,9
315,13
316,2
316,3
317,2
317,3
318,0
318,3
318,5
318,8
319,1
319,4
320,0
320,3
321,1
321,2
322,0
322,1
322,4
322,8
323,0
323,3
323,5
324,2
324,4
324,7
325,0
325,2
325,5
325,6
325,10
326,2
326,3
326,6
326,8
327,0
327,2
327,5
328,1
328,3
328,5
328,6
328,9
328,12
328,22
330,6
330,17
337,3
343,3
344,3
345,6
345,29
349,3
365,3
365,6
366,3
366,4
366,6
366,7
366,9
366,11
366,12
366,14
366,15
366,17
366,18
366,20
366,22
366,23
366,25
384,3
388,14
391,3
395,3
414,3
439,3
117,3
43,3
402,3
388,15
388,3
366,24
366,21
366,19
366,16
366,13
366,10
366,8
366,5
366,2
365,4
347,3
345,3
337,8
336,3
330,3
328,11
328,7
328,4
328,0
327,3
326,10
326,5
326,0
325,8
325,3
324,8
324,5
324,0
323,2
322,6
322,3
321,4
320,4
320,1
319,2
318,7
318,2
317,5
317,0
316,0
315,11
315,7
315,3
314,5
314,3
313,5
313,2
312,5
312,1
311,3
311,0
310,5
310,0
309,3
309,0
308,4
308,0
307,10
307,6
307,1
306,2
305,7
305,2
304,11
304,8
304,4
304,0
303,3
302,13
302,9
302,4
302,1
301,3
300,4
300,1
299,3
298,5
298,0
297,3
296,18
296,13
296,10
296,5
296,0
295,2
294,22
294,17
294,12
294,9
294,4
293,7
293,3
292,25
292,21
292,16
292,13
292,8
292,3
291,9
291,6
291,2
290,7
290,5
290,1
289,4
289,1
288,4
288,0
287,7
287,5
287,2
286,11
286,9
286,6
286,3
285,18
285,15
285,10
285,6
285,2
284,4
283,5
283,0
282,3
281,20
281,15
281,12
281,8
281,4
281,1
280,6
280,2
279,4
279,1
278,25
278,20
278,18
278,14
278,9
278,5
278,3
277,6
277,1
276,6
276,3
275,7
275,2
274,6
274,1
273,23
273,20
273,15
273,11
273,7
273,4
273,0
272,2
271,7
271,2
270,4
270,1
269,22
269,17
269,13
269,10
269,5
269,0
268,5
268,0
267,2
266,6
266,2
265,16
265,11
265,8
265,3
264,5
264,0
263,4
263,0
262,2
261,6
261,1
260,3
260,0
259,1
258,7
258,3
257,7
257,3
256,4
256,1
255,3
254,9
254,5
254,1
253,6
253,1
252,5
252,0
251,7
251,2
250,5
250,0
249,2
248,12
248,7
248,2
247,6
247,1
246,7
246,3
245,6
245,2
244,7
244,4
243,6
243,1
242,5
242,1
241,4
240,12
240,9
240,4
239,4
238,6
238,3
237,25
237,21
237,18
237,14
237,10
237,5
237,2
236,5
236,0
235,5
235,0
234,2
233,6
233,2
232,4
231,21
231,18
231,13
231,8
231,5
231,2
230,9
230,5
230,1
229,4
228,25
228,22
228,17
228,14
228,9
228,6
228,3
227,6
227,3
226,5
226,0
225,6
225,3
224,13
224,8
224,5
224,0
223,7
223,4
222,5
222,0
221,4
221,1
220,3
219,9
219,5
219,1
218,12
218,7
218,4
218,1
217,0
216,1
215,0
213,3
212,3
211,3
210,3
209,2
208,3
207,2
206,1
205,2
204,1
203,1
202,0
201,1
200,0
198,3
198,0
196,3
195,2
194,7
194,4
193,5
193,0
192,5
192,0
191,1
190,1
189,1
188,1
187,0
186,1
185,0
183,3
183,0
181,3
180,3
179,2
178,3
177,2
176,1
175,2
174,1
173,0
172,0
171,0
170,0
168,3
168,0
167,6
167,1
166,8
166,4
166,0
165,1
164,21
164,16
164,11
164,8
164,3
163,4
163,0
162,3
161,4
160,14
160,11
160,6
160,1
159,11
159,7
159,3
158,16
158,13
158,8
158,3
157,12
157,9
157,5
157,0
156,12
156,7
156,2
155,13
155,10
155,5
155,1
154,12
154,7
154,2
153,15
153,10
153,5
153,1
152,13
152,9
152,4
152,1
151,12
151,7
151,2
150,13
150,9
150,4
150,1
149,11
149,6
149,1
148,13
148,8
148,4
148,0
147,10
147,5
147,2
146,3
145,12
145,8
145,4
145,0
144,1
143,9
143,4
142,6
142,1
141,12
141,7
141,3
141,0
140,7
140,2
139,6
139,4
139,0
138,1
137,6
137,1
136,5
136,0
135,3
134,6
134,1
133,19
133,14
133,9
133,7
133,3
132,8
132,4
132,0
131,3
130,8
130,6
130,2
129,6
129,1
128,5
128,2
127,4
127,1
126,3
125,5
125,0
124,14
124,10
124,5
124,2
123,4
122,16
122,13
122,8
122,3
121,8
121,5
121,0
120,8
120,5
120,0
119,11
119,7
119,4
119,1
118,5
118,2
117,5
117,0
116,7
116,3
115,5
115,0
114,4
113,16
113,11
113,7
113,3
112,10
112,5
112,2
111,2
110,3
110,0
109,9
109,4
109,0
108,8
108,3
107,4
107,1
106,7
106,2
105,4
105,0
104,8
104,3
104,0
103,1
102,7
102,2
101,5
101,1
100,7
100,4
99,5
99,0
98,4
97,11
97,6
97,2
96,5
96,0
95,3
95,0
94,3
93,8
93,4
93,0
92,5
92,0
91,3
90,10
90,5
90,0
89,8
89,4
88,11
88,8
88,3
87,4
87,1
86,9
86,4
86,0
85,2
84,3
83,12
83,9
83,4
82,5
82,1
81,9
81,5
81,0
80,3
79,10
79,5
79,0
78,3
77,5
77,1
76,10
76,5
76,0
75,1
74,4
73,4
73,0
72,4
72,1
71,4
71,2
70,6
70,1
69,4
69,2
68,4
67,5
67,2
66,3
65,16
65,12
65,9
65,4
65,1
64,8
64,4
63,6
63,1
62,4
61,11
61,7
61,3
60,10
60,5
60,2
59,4
58,16
58,11
58,8
58,3
57,3
57,0
56,3
55,3
54,4
54,1
53,3
52,6
52,3
51,6
51,1
50,4
50,1
49,14
49,7
49,1
48,12
48,4
47,3
46,10
46,2
45,2
44,6
43,24
43,18
43,14
43,6
43,0
42,0
41,11
41,3
40,11
40,7
39,11
39,4
38,15
38,11
38,3
37,1
36,2
35,0
33,4
32,4
31,20
31,14
31,7
31,3
30,8
30,0
29,4
28,4
27,15
27,7
27,3
26,4
25,4
24,5
23,5
22,13
22,5
22,0
21,0
20,0
19,2
18,7
17,6
16,13
16,8
16,3
15,5
15,2
