2,145
2,144
2,143
2,142
2,141
2,140
2,138
2,137
2,136
2,127
2,126
2,125
2,116
2,113
2,112
2,111
2,110
2,109
2,108
2,107
2,106
2,105
2,104
2,103
2,102
2,96
2,95
2,94
2,93
2,89
2,88
2,87
2,86
2,85
2,84
2,83
2,82
2,79
2,78
2,77
2,76
2,75
2,74
2,73
2,72
2,67
2,65
2,64
2,35
2,34
2,33
2,32
2,30
2,22
2,21
2,20
2,17
2,15
2,14
2,10
2,9
2,8
2,7
2,6
2,5
2,4
2,3
1,7
1,6
1,5
1,4
1,3
0,502
0,494
0,492
0,490
0,489
0,487
0,483
0,481
0,480
0,477
0,474
0,472
0,468
0,466
0,465
0,463
0,462
0,461
0,459
0,456
0,454
0,453
0,451
0,450
0,448
0,447
0,442
0,421
0,418
0,394
0,370
0,347
0,324
0,243
0,1
0,501
0,491
0,486
0,482
0,476
0,471
0,467
0,464
0,460
0,455
0,452
0,449
0,446
0,399
0,376
0,469
0,470
0,473
0,497
0,458
0,500
0,445
0,300
0,444
0,299
0,404
0,298
0,297
0,521
0,296
0,295
0,294
0,437
0,293
0,572
0,292
0,291
0,503
0,290
0,519
0,289
0,371
0,288
0,565
0,287
0,515
0,286
0,429
0,285
0,514
0,284
0,427
0,283
0,513
0,282
0,425
0,281
0,544
0,280
0,423
0,279
0,512
0,278
0,420
0,277
0,529
2,149
2,151
2,153
2,154
2,156
2,157
2,159
2,168
2,172
2,174
2,175
4,3
7,7
8,3
14,3
14,4
22,3
27,3
33,3
43,3
53,3
58,3
61,3
69,3
69,5
69,6
70,6
71,3
72,3
72,4
73,3
74,3
74,4
118,3
118,4
118,8
120,3
122,3
123,3
124,3
125,3
125,8
129,4
129,6
131,3
131,6
131,7
134,6
140,4
141,3
143,3
166,3
170,3
171,3
174,3
228,3
230,3
231,3
231,4
231,6
231,8
231,9
231,17
232,3
235,3
244,3
271,0
271,2
271,3
271,5
271,6
272,1
272,3
272,4
272,6
272,7
272,9
272,11
272,12
272,14
272,15
272,17
273,0
273,2
273,4
273,5
273,7
274,0
274,2
274,4
274,5
275,0
275,1
275,3
275,5
275,6
276,0
276,1
276,3
276,4
276,6
276,8
276,9
276,11
276,12
276,14
276,16
276,17
276,19
276,20
276,22
276,23
277,1
277,3
277,4
277,6
278,0
278,2
278,4
278,5
278,7
279,0
279,2
279,4
280,2
280,7
280,10
280,15
280,16
280,22
281,2
281,4
282,2
282,5
283,1
283,5
284,3
285,0
285,3
285,8
285,9
285,16
285,20
285,22
286,1
286,3
287,1
287,5
287,9
288,3
288,6
288,11
288,14
288,19
289,1
289,4
290,3
290,4
291,3
292,4
292,5
292,10
292,13
292,18
293,1
293,3
293,6
293,7
293,9
293,11
294,2
294,6
294,8
295,1
295,3
296,0
296,3
297,0
297,4
297,5
297,8
298,0
298,6
299,0
299,2
299,6
299,7
299,10
299,13
299,15
299,18
299,20
299,23
299,25
300,2
300,5
300,6
301,2
301,3
301,6
301,10
301,11
301,14
301,16
301,19
301,21
302,0
302,3
302,5
303,2
303,3
303,6
303,10
303,11
303,14
303,16
303,19
304,1
304,4
305,1
305,3
306,0
306,1
306,5
307,1
307,2
308,0
308,1
308,4
308,6
309,2
309,5
309,7
309,10
309,12
310,0
310,3
310,4
311,1
311,2
311,5
311,9
311,10
311,13
312,1
312,4
312,6
313,1
313,4
314,0
314,3
314,4
314,8
314,11
314,12
315,1
315,3
315,6
315,8
316,2
316,5
316,7
317,2
317,3
317,7
318,0
318,1
318,5
319,0
319,3
319,5
320,2
320,5
321,1
321,4
321,6
322,2
322,5
322,7
322,10
322,11
323,0
323,4
324,0
324,3
324,5
325,2
325,4
325,7
326,1
326,3
327,0
327,1
328,0
328,3
328,4
329,1
329,3
329,6
329,8
330,2
330,5
331,1
331,4
331,6
331,9
332,2
332,3
332,7
332,8
333,0
333,2
333,5
333,8
333,10
334,2
334,4
335,0
335,3
335,5
335,8
335,9
335,12
335,16
335,17
335,20
335,22
335,25
336,0
336,3
336,6
336,8
337,0
337,1
337,5
337,8
337,9
337,13
337,14
337,17
338,0
338,3
338,6
338,8
338,11
339,0
339,3
339,6
339,7
340,1
340,2
340,5
340,7
340,10
341,0
341,2
341,4
341,5
341,7
341,9
341,10
341,12
342,0
342,2
342,3
342,5
343,0
343,1
343,3
343,4
343,6
343,8
343,9
343,11
344,0
344,2
344,4
344,5
345,1
345,2
345,4
345,5
345,7
345,9
345,10
346,0
346,1
346,3
346,5
347,0
347,2
347,3
347,5
347,6
348,1
348,3
348,4
348,6
348,7
348,9
348,11
348,12
349,0
349,1
349,3
349,4
349,6
349,8
349,9
349,11
349,12
350,0
350,2
350,3
350,5
350,6
350,8
351,0
351,1
351,3
351,4
351,6
351,7
351,9
352,0
352,1
352,3
352,4
352,6
352,8
352,9
353,0
353,1
353,3
353,4
353,6
353,8
353,9
353,11
353,12
353,14
353,16
353,17
353,19
353,20
353,22
353,23
353,25
353,27
353,28
353,30
353,31
353,33
353,35
354,0
354,2
354,3
354,5
355,0
355,2
355,4
355,5
356,1
356,2
356,4
357,1
357,2
357,4
357,5
357,7
357,9
357,10
357,12
357,13
357,15
357,16
357,18
357,20
358,0
358,2
358,3
359,0
359,2
359,3
360,0
360,1
360,3
360,4
361,1
361,3
361,4
362,1
362,2
362,4
363,1
363,2
363,4
364,0
364,2
364,3
365,0
365,2
365,3
366,0
366,1
366,3
367,0
367,1
367,3
367,4
368,1
368,3
368,4
369,1
369,2
369,4
370,0
370,2
370,4
370,5
371,0
371,1
371,3
371,5
371,6
372,1
372,2
372,4
372,5
373,0
373,2
373,3
373,5
373,6
373,8
373,10
373,11
373,13
374,0
374,2
374,3
374,5
375,0
375,1
375,3
375,4
376,0
376,2
376,3
376,5
376,6
377,1
377,2
377,4
377,6
378,0
378,2
378,3
378,5
378,7
379,0
379,2
379,3
379,5
379,7
379,8
379,10
379,11
379,13
379,14
379,16
379,18
379,19
379,21
379,22
379,24
379,26
379,27
380,1
380,2
380,4
380,5
381,0
381,2
381,3
381,5
381,6
382,1
382,3
382,4
382,6
383,0
383,2
383,3
383,5
384,0
384,1
384,3
384,4
384,6
384,8
384,9
385,1
385,2
385,4
385,6
385,7
385,9
386,0
386,2
386,3
386,5
386,7
387,0
387,2
387,3
387,5
387,7
388,1
388,3
388,4
388,6
388,7
389,1
389,3
389,4
390,1
390,2
390,4
390,6
390,7
390,9
390,10
391,1
391,2
391,4
391,6
391,7
391,9
391,10
391,12
392,1
392,2
392,4
392,5
393,1
393,3
393,4
394,1
394,2
394,4
394,5
394,7
394,9
394,10
395,1
395,2
395,4
395,6
395,7
395,9
395,10
395,12
395,13
396,2
396,4
396,5
397,1
397,2
397,4
397,6
397,7
397,9
397,10
398,2
398,3
398,5
398,7
398,8
398,10
398,11
399,2
399,4
399,5
399,7
400,1
400,3
400,4
400,6
400,8
401,1
401,3
401,4
401,6
401,8
401,9
401,11
401,12
401,14
401,16
401,17
402,1
402,2
402,4
402,5
403,2
403,4
403,5
403,7
404,1
404,3
404,5
404,6
404,8
404,9
404,11
404,12
404,14
404,16
405,1
405,3
405,4
406,1
406,3
406,4
406,6
406,7
407,1
407,2
407,4
407,6
407,7
408,1
408,2
408,4
408,6
408,7
408,9
408,10
408,12
408,14
408,15
408,17
409,1
409,3
409,4
409,6
410,2
410,3
410,5
410,6
411,1
411,3
411,4
411,6
411,7
412,2
412,3
412,5
412,7
412,8
412,10
412,11
413,2
413,4
413,5
413,7
413,8
413,10
413,11
413,13
414,2
414,3
414,5
414,6
414,8
415,2
415,3
415,5
415,6
415,8
415,9
415,11
415,13
415,14
416,2
416,3
416,5
417,2
417,3
417,5
417,6
417,8
417,10
417,11
417,13
417,14
417,16
417,17
418,2
418,4
418,5
418,7
418,8
419,1
419,3
419,4
419,6
420,1
420,3
420,4
420,6
421,1
421,2
421,4
421,5
421,7
422,2
422,3
422,5
422,6
423,2
423,3
423,5
424,1
424,2
424,4
424,5
424,7
425,1
425,2
425,4
425,5
426,1
426,3
426,4
426,6
426,7
426,9
426,10
426,12
427,1
427,2
427,4
427,5
427,7
427,9
427,10
427,12
427,13
427,15
427,16
427,18
427,20
428,1
428,3
428,4
429,1
429,3
429,4
429,6
429,7
430,2
430,3
431,1
431,3
431,4
432,1
432,2
432,4
433,2
433,3
433,5
433,6
433,8
433,9
434,2
434,4
434,5
435,1
435,2
435,4
435,6
435,7
436,2
436,3
436,5
436,7
436,8
436,10
436,11
436,13
436,14
436,16
436,18
436,19
436,21
437,1
437,3
437,5
437,6
437,8
437,9
437,11
437,12
438,1
438,3
438,4
438,6
438,7
439,2
439,4
439,5
440,1
440,2
440,4
440,5
440,7
441,2
441,3
441,5
441,6
441,8
441,10
442,1
442,3
442,4
442,6
442,8
442,9
443,1
443,2
443,4
443,5
443,7
443,9
443,10
444,2
444,3
444,5
445,1
445,2
445,4
445,5
445,7
445,8
446,1
446,3
446,4
446,6
447,1
447,3
447,5
447,6
447,8
448,1
448,3
448,4
449,1
449,3
449,4
449,6
450,1
450,3
450,5
450,6
451,2
451,3
451,5
451,7
451,8
451,10
451,11
451,13
451,14
451,16
451,18
451,19
451,21
452,1
452,3
452,5
452,6
452,8
452,9
452,11
452,12
453,2
453,4
453,5
454,1
454,2
454,4
454,6
455,1
455,3
455,4
455,6
455,7
455,9
455,11
455,12
456,1
456,2
456,4
456,6
457,1
457,3
457,4
457,6
457,7
458,2
458,4
458,5
458,7
459,1
459,3
459,5
459,6
459,8
459,9
460,2
460,4
460,5
461,2
461,3
461,5
461,6
462,2
462,4
462,5
463,2
463,3
463,5
464,1
464,2
464,4
464,5
465,2
465,3
465,5
466,2
466,3
466,5
467,1
467,3
468,1
468,2
468,4
469,1
469,3
469,4
470,2
470,4
471,1
471,3
471,4
471,6
472,2
472,3
472,5
473,1
473,3
473,5
474,1
474,3
474,4
474,6
474,7
474,9
475,2
475,3
475,5
475,6
476,2
476,4
476,5
476,7
476,8
477,2
477,3
477,5
478,1
478,2
478,4
478,5
478,7
478,9
478,10
479,1
479,2
479,4
479,5
479,7
480,1
480,2
480,4
480,5
480,7
480,9
480,10
481,1
481,2
481,4
481,5
482,1
482,3
482,4
482,6
482,7
483,1
483,3
483,4
483,6
483,7
483,9
483,11
483,12
483,14
483,15
483,17
483,18
483,20
484,1
484,2
484,4
484,5
484,7
485,1
485,2
485,4
485,5
485,7
486,1
486,3
486,5
486,6
487,2
487,3
487,5
487,7
487,8
488,2
488,3
488,5
488,6
488,8
488,10
488,11
489,2
489,3
489,5
489,7
489,8
490,2
490,3
490,5
491,2
491,3
491,5
492,1
492,3
492,4
283,3
492,5
492,2
491,4
491,1
490,4
490,1
489,6
489,4
489,1
488,9
488,7
488,4
488,1
487,6
487,4
487,1
486,4
486,2
485,6
485,3
484,8
484,6
484,3
483,21
483,19
483,16
483,13
483,10
483,8
483,5
483,2
482,8
482,5
482,2
481,6
481,3
480,11
480,8
480,6
480,3
479,8
479,6
479,3
478,11
478,8
478,6
478,3
477,6
477,4
477,1
476,6
476,3
476,1
475,4
475,1
474,8
474,5
474,2
473,4
473,2
472,4
472,1
471,5
471,2
470,3
470,1
469,2
468,3
467,4
467,2
466,4
466,1
465,4
465,1
464,3
463,6
463,4
463,1
462,3
462,1
461,4
461,1
460,3
460,1
459,7
459,4
459,2
458,6
458,3
458,1
457,5
457,2
456,5
456,3
455,13
455,10
455,8
455,5
455,2
454,5
454,3
453,6
453,3
453,1
452,10
452,7
452,4
452,2
451,20
451,17
451,15
451,12
451,9
451,6
451,4
451,1
450,4
450,2
449,5
449,2
448,5
448,2
447,7
447,4
447,2
446,5
446,2
445,9
445,6
445,3
444,6
444,4
444,1
443,8
443,6
443,3
442,10
442,7
442,5
442,2
441,9
441,7
441,4
441,1
440,6
440,3
439,6
439,3
439,1
438,5
438,2
437,13
437,10
437,7
437,4
437,2
436,20
436,17
436,15
436,12
436,9
436,6
436,4
436,1
435,5
435,3
434,6
434,3
434,1
433,7
433,4
433,1
432,3
431,5
431,2
430,4
430,1
429,5
429,2
428,5
428,2
427,19
427,17
427,14
427,11
427,8
427,6
427,3
426,13
426,11
426,8
426,5
426,2
425,6
425,3
424,8
424,6
424,3
423,6
423,4
423,1
422,4
422,1
421,6
421,3
420,7
420,5
420,2
419,5
419,2
418,9
418,6
418,3
418,1
417,15
417,12
417,9
417,7
417,4
417,1
416,4
416,1
415,12
415,10
415,7
415,4
415,1
414,7
414,4
414,1
413,12
413,9
413,6
413,3
413,1
412,9
412,6
412,4
412,1
411,5
411,2
410,7
410,4
410,1
409,5
409,2
408,16
408,13
408,11
408,8
408,5
408,3
407,8
407,5
407,3
406,8
406,5
406,2
405,5
405,2
404,15
404,13
404,10
404,7
404,4
404,2
403,6
403,3
403,1
402,3
401,18
401,15
401,13
401,10
401,7
401,5
401,2
400,7
400,5
400,2
399,6
399,3
399,1
398,9
398,6
398,4
398,1
397,8
397,5
397,3
396,6
396,3
396,1
395,11
395,8
395,5
395,3
394,11
394,8
394,6
394,3
393,5
393,2
392,6
392,3
391,13
391,11
391,8
391,5
391,3
390,11
390,8
390,5
390,3
389,5
389,2
388,8
388,5
388,2
387,6
387,4
387,1
386,6
386,4
386,1
385,8
385,5
385,3
385,0
384,7
384,5
384,2
383,6
383,4
383,1
382,5
382,2
382,0
381,4
381,1
380,6
380,3
380,0
379,25
379,23
379,20
379,17
379,15
379,12
379,9
379,6
379,4
379,1
378,6
378,4
378,1
377,5
377,3
377,0
376,4
376,1
375,5
375,2
374,6
374,4
374,1
373,12
373,9
373,7
373,4
373,1
372,6
372,3
372,0
371,4
371,2
370,6
370,3
370,1
369,3
369,0
368,2
368,0
367,2
366,4
366,2
365,4
365,1
364,4
364,1
363,3
363,0
362,3
362,0
361,2
361,0
360,2
359,4
359,1
358,4
358,1
357,19
357,17
357,14
357,11
357,8
357,6
357,3
357,0
356,3
356,0
355,3
355,1
354,4
354,1
353,34
353,32
353,29
353,26
353,24
353,21
353,18
353,15
353,13
353,10
353,7
353,5
353,2
352,10
352,7
352,5
352,2
351,10
351,8
351,5
351,2
350,9
350,7
350,4
350,1
349,13
349,10
349,7
349,5
349,2
348,13
348,10
348,8
348,5
348,2
348,0
347,4
347,1
346,4
346,2
345,11
345,8
345,6
345,3
345,0
344,3
344,1
343,10
343,7
343,5
343,2
342,6
342,4
342,1
341,11
341,8
341,6
341,3
340,12
340,9
340,4
339,9
339,4
339,1
338,9
338,5
338,1
337,16
337,11
337,6
337,3
336,9
336,5
336,1
335,24
335,19
335,14
335,11
335,6
335,1
334,5
334,0
333,7
333,4
332,10
332,5
332,0
331,7
331,2
330,4
330,0
329,5
329,0
328,1
327,3
326,4
325,8
325,5
325,1
324,2
323,2
322,13
322,8
322,3
322,0
321,2
320,4
320,0
319,2
318,3
317,8
317,5
317,0
316,4
316,0
315,5
315,0
314,9
314,6
314,1
313,2
312,7
312,3
311,12
311,7
311,4
310,6
310,1
309,13
309,8
309,4
309,0
308,3
307,4
306,6
306,3
305,4
305,0
304,2
303,18
303,13
303,8
303,5
303,0
302,1
301,22
301,17
301,13
301,8
301,5
301,0
300,3
300,0
299,21
299,17
299,12
299,9
299,4
298,8
298,3
297,7
297,3
296,4
295,6
294,11
294,3
293,12
293,8
293,4
293,2
292,16
292,8
292,0
291,2
290,0
288,21
288,16
288,8
288,2
287,4
286,6
285,25
285,17
285,12
285,4
284,6
283,6
283,0
282,0
280,24
280,19
280,11
280,3
279,6
279,1
278,6
278,3
278,1
277,5
277,2
277,0
276,21
276,18
276,15
276,13
276,10
276,7
276,5
276,2
275,7
275,4
275,2
274,6
274,3
274,1
273,6
273,3
273,1
272,16
272,13
272,10
272,8
272,5
272,2
272,0
271,4
271,1
238,3
232,5
231,14
231,7
231,5
231,1
225,3
170,4
166,5
142,3
140,3
134,3
131,5
129,5
129,3
124,5
122,6
118,9
118,7
114,3
73,4
72,5
71,4
70,3
69,4
65,3
53,4
33,5
31,3
16,3
8,7
7,3
2,192
2,173
2,165
2,158
2,155
2,152
0,276
0,525
0,275
0,523
0,274
0,415
0,273
0,538
0,272
0,413
0,271
